933.27 74.06 
537.88 49.44 
1033.15 86.27 
842.89 68.83 
131.13 10.4 
1171.23 98.72 
918.14 79.6 
947.56 73.96 
171.17 9.06 
551.46 51.48 
457.54 36.07 
1113.58 85.71 
779.76 67.2 
990.86 84.89 
543.23 37.62 
288.14 25.16 
674.41 59.88 
95.3 9.81 
996.6 86.21 
765.36 56.76 
914.54 77.87 
438.34 35.02 
1165.42 94.7 
1073.88 93.84 
938.49 85.6 
249.67 29.78 
570.73 54.13 
71.69 5.43 
202.06 18.6 
826.0 72.67 
898.82 75.51 
1161.66 97.46 
404.47 37.82 
457.14 37.8 
574.08 44.19 
243.58 18.23 
173.31 17.61 
581.33 48.46 
287.75 25.68 
810.38 70.88 
535.84 42.78 
1002.56 87.33 
846.31 72.42 
388.59 26.21 
1002.07 90.72 
969.62 78.3 
477.22 31.49 
360.23 24.79 
825.34 63.67 
184.91 15.67 
255.89 19.96 
28.69 0.71 
948.57 82.15 
804.52 68.74 
852.1 72.59 
941.26 80.49 
561.52 49.87 
691.11 47.05 
184.96 13.59 
155.15 2.03 
808.72 67.57 
575.89 47.97 
686.98 62.48 
922.7 82.83 
768.97 65.09 
673.22 53.6 
679.86 59.08 
378.66 28.92 
56.37 4.69 
535.33 49.54 
273.21 19.98 
502.06 45.87 
1027.02 88.97 
296.05 19.9 
88.8 12.27 
352.03 32.83 
366.44 31.05 
801.06 62.94 
677.3 52.15 
945.0 76.06 
803.89 69.7 
499.54 36.85 
980.54 83.9 
217.03 11.88 
46.8 2.88 
126.26 11.07 
872.38 84.92 
565.02 40.2 
210.3 24.89 
611.23 51.69 
199.73 18.7 
841.66 70.73 
546.46 47.76 
469.61 38.37 
375.78 38.59 
763.73 61.36 
446.94 42.91 
123.43 7.06 
159.25 12.97 
1155.04 90.89 
1092.13 93.29 
845.65 77.7 
333.73 27.42 
1163.63 95.98 
938.93 72.67 
865.93 71.01 
550.25 37.89 
341.25 23.87 
133.74 12.28 
1085.07 97.02 
557.82 60.53 
258.79 18.63 
381.03 38.93 
703.48 59.84 
228.59 18.29 
1030.8 88.06 
915.05 76.56 
868.97 72.97 
529.87 42.11 
760.22 56.36 
709.24 51.38 
786.82 68.83 
119.64 8.59 
510.65 39.57 
69.1 5.8 
602.91 54.22 
409.24 35.0 
190.54 12.6 
142.02 17.97 
713.42 67.35 
221.3 20.91 
1111.64 97.51 
705.65 65.01 
429.31 41.43 
717.28 62.84 
46.91 6.9 
1151.1 98.52 
589.12 43.61 
943.63 82.14 
117.62 3.02 
594.26 45.55 
599.03 56.44 
1126.64 98.09 
694.64 65.32 
578.72 46.87 
335.03 22.16 
411.25 33.07 
634.39 53.38 
537.92 45.22 
45.5 9.46 
995.02 81.11 
1077.47 91.55 
185.49 10.51 
673.76 58.4 
148.12 12.36 
813.24 64.02 
351.86 28.14 
798.12 65.59 
877.85 71.8 
927.0 86.11 
147.13 11.77 
1100.89 90.52 
291.65 13.82 
64.15 0.87 
674.73 54.91 
457.69 34.71 
999.15 90.17 
973.74 80.32 
394.22 39.29 
1144.42 95.68 
363.28 30.46 
627.77 51.87 
322.04 26.86 
1124.53 102.3 
214.24 6.26 
72.99 0.7 
533.41 41.74 
1191.0 99.32 
1072.18 92.8 
903.36 77.65 
1071.14 87.34 
1074.27 94.62 
632.25 57.84 
392.8 33.65 
930.97 82.39 
800.76 68.09 
460.92 35.6 
131.47 14.44 
901.21 75.65 
329.7 27.48 
1125.44 101.15 
304.35 13.11 
164.85 6.65 
1000.71 77.46 
200.88 14.92 
231.54 18.02 
727.27 53.07 
1051.98 82.74 
251.79 16.68 
386.18 44.47 
937.34 87.12 
1166.76 95.17 
610.87 49.09 
189.8 10.07 
36.44 2.21 
290.99 23.67 
175.55 9.64 
819.64 67.88 
163.76 5.65 
617.47 47.65 
839.23 70.68 
705.72 60.64 
255.74 23.4 
968.87 74.14 
864.18 76.29 
892.0 70.33 
174.65 17.72 
166.03 13.78 
1114.52 86.0 
489.14 39.18 
375.12 33.09 
596.53 52.78 
802.18 66.14 
1147.64 103.3 
358.01 34.87 
1111.27 91.32 
49.33 7.86 
675.13 65.93 
768.09 73.81 
144.96 5.94 
185.6 10.83 
514.55 50.3 
1160.15 91.39 
723.33 53.66 
1120.97 90.98 
969.15 82.86 
571.51 47.11 
946.02 75.58 
41.05 0.05 
148.79 8.84 
998.73 78.83 
960.24 91.43 
294.52 26.03 
646.31 58.29 
735.1 58.81 
1043.93 86.06 
731.67 57.4 
506.83 28.98 
461.54 31.57 
522.54 34.49 
789.28 54.52 
1043.64 80.99 
555.6 52.92 
312.45 25.82 
299.26 31.39 
900.3 77.08 
983.55 85.88 
144.23 7.51 
98.54 10.83 
721.43 63.76 
192.48 13.16 
993.1 85.56 
386.19 35.01 
189.77 13.07 
1106.75 86.61 
215.33 12.02 
355.97 30.1 
201.26 18.41 
156.28 9.06 
44.95 3.88 
85.37 9.97 
226.08 21.93 
82.99 14.68 
717.55 66.18 
823.24 63.6 
484.48 48.79 
395.23 30.28 
615.34 56.5 
1052.51 88.05 
1024.34 83.3 
71.3 2.07 
234.17 18.66 
299.36 17.15 
314.28 31.03 
694.05 65.42 
511.19 38.61 
78.12 8.02 
460.86 34.78 
638.03 50.03 
139.97 15.54 
1003.48 83.43 
81.32 15.47 
1111.31 90.2 
136.95 16.41 
1015.42 85.11 
1085.13 94.41 
1175.89 95.76 
966.39 80.28 
939.78 77.74 
778.13 60.66 
939.22 81.58 
178.77 18.15 
652.56 57.35 
626.78 59.92 
1031.94 93.24 
566.1 45.3 
474.41 41.4 
774.68 61.44 
334.43 27.99 
184.93 12.41 
583.9 56.76 
511.93 44.48 
294.43 23.45 
453.66 43.77 
452.34 26.84 
406.44 23.8 
467.77 42.96 
829.18 69.4 
370.31 32.11 
1139.65 88.34 
1101.29 91.66 
587.47 58.97 
407.47 38.08 
651.81 55.17 
1021.3 82.91 
790.05 63.86 
969.18 70.12 
648.61 55.34 
766.84 68.13 
360.02 22.12 
887.17 70.62 
258.84 15.78 
839.86 65.16 
1035.65 86.57 
175.88 4.23 
744.97 65.15 
132.21 14.79 
876.34 71.77 
119.7 2.61 
1124.41 88.72 
182.14 21.34 
1151.48 82.07 
965.04 78.68 
720.54 54.15 
943.5 82.65 
958.24 76.48 
1136.31 96.71 
318.99 29.41 
716.29 68.87 
132.16 10.0 
747.08 64.14 
222.12 11.09 
686.64 63.17 
695.47 54.15 
569.86 44.68 
636.71 52.95 
921.43 68.97 
963.11 81.4 
600.74 54.9 
727.52 62.09 
1118.86 85.29 
161.29 12.82 
158.18 16.89 
123.5 0.9 
796.28 60.98 
513.96 47.21 
933.7 79.16 
812.05 69.73 
413.69 43.77 
1080.07 92.35 
919.79 79.94 
339.23 41.82 
449.75 36.41 
391.04 28.6 
205.98 19.3 
194.38 18.39 
1124.63 91.09 
536.73 39.57 
472.32 50.91 
881.03 75.05 
672.53 52.38 
1124.65 98.3 
940.76 77.85 
585.66 47.54 
464.1 41.49 
1184.23 92.23 
866.96 74.01 
1142.41 104.77 
159.8 15.65 
1023.63 83.42 
771.75 61.78 
163.87 11.6 
714.14 58.24 
829.59 67.24 
34.52 7.46 
556.1 37.68 
993.97 87.14 
368.52 28.81 
561.09 48.64 
541.93 39.53 
376.27 38.0 
1103.76 98.21 
941.93 83.29 
150.49 4.97 
1196.5 103.85 
1057.46 90.15 
355.01 21.56 
1007.54 83.84 
145.58 13.95 
1198.94 102.69 
805.51 68.01 
787.15 67.05 
126.72 17.93 
1078.5 96.01 
54.22 1.4 
304.18 23.76 
188.77 14.91 
936.59 69.29 
253.88 21.63 
1094.55 97.46 
794.4 60.77 
62.67 6.9 
26.41 0.16 
80.96 3.39 
734.99 68.64 
965.75 77.77 
301.49 27.44 
1022.3 75.84 
87.53 16.61 
965.14 83.44 
1114.8 91.99 
931.09 80.47 
843.78 63.27 
1008.82 89.98 
67.38 3.99 
258.1 20.49 
167.41 11.49 
615.35 48.38 
899.32 78.42 
763.41 64.9 
1024.33 88.62 
203.15 16.89 
886.85 76.47 
247.79 18.55 
339.5 39.44 
857.69 63.63 
1176.64 104.36 
741.62 68.64 
84.31 2.77 
747.24 73.42 
69.97 10.81 
1063.29 93.46 
857.3 71.58 
224.29 17.6 
128.23 9.64 
236.57 21.67 
1176.43 105.04 
561.1 47.67 
945.22 74.21 
770.96 68.37 
695.45 62.56 
191.25 19.21 
1136.31 98.42 
375.58 29.94 
702.06 53.86 
845.74 66.14 
786.1 57.33 
1129.9 95.34 
195.16 15.85 
619.86 49.45 
496.76 26.62 
579.52 42.06 
160.68 18.99 
178.23 11.53 
348.13 30.81 
379.55 24.68 
524.93 50.94 
740.97 61.03 
768.86 65.52 
505.94 53.79 
502.36 49.45 
276.8 21.53 
714.2 56.55 
394.11 31.21 
62.55 7.76 
513.71 42.28 
579.48 46.31 
286.2 31.19 
695.5 57.39 
687.61 68.8 
848.36 71.15 
784.58 74.31 
789.87 67.61 
393.13 37.58 
949.17 75.47 
667.99 51.4 
529.07 46.39 
758.69 68.17 
445.58 37.33 
625.03 45.65 
889.31 67.31 
1065.96 81.69 
1106.85 83.4 
614.29 51.74 
633.92 58.45 
963.85 80.25 
391.05 21.29 
1008.11 83.06 
603.09 49.44 
156.71 23.54 
105.03 1.47 
1013.55 82.51 
85.57 15.66 
351.12 31.51 
414.27 37.34 
224.13 19.25 
390.39 34.18 
896.38 78.59 
37.33 3.07 
996.06 87.4 
1030.73 79.03 
459.27 39.91 
201.26 17.67 
728.99 57.67 
161.21 13.32 
450.6 34.44 
1150.95 90.55 
1194.65 97.79 
931.08 72.07 
386.93 33.86 
831.44 63.54 
852.38 74.59 
477.65 33.9 
776.25 61.86 
32.66 1.87 
266.69 28.85 
639.6 54.95 
213.23 16.71 
215.77 20.47 
1006.84 73.37 
1187.18 98.72 
676.04 66.32 
1010.1 84.84 
1188.58 99.39 
187.08 18.33 
548.93 50.22 
483.24 30.28 
114.46 1.13 
911.29 76.99 
531.86 40.75 
573.81 54.38 
197.79 14.91 
233.49 9.79 
1090.38 84.53 
72.69 3.26 
294.77 23.39 
364.63 29.44 
598.43 47.75 
712.01 64.73 
602.08 56.17 
119.26 9.09 
307.53 14.95 
1015.43 87.71 
772.35 67.14 
786.0 67.05 
810.84 72.48 
920.23 70.86 
88.57 17.42 
452.6 32.92 
656.64 58.47 
419.38 26.51 
1016.49 80.06 
589.44 56.7 
926.98 75.94 
1025.38 89.65 
615.65 52.49 
1093.27 90.58 
712.81 66.22 
1023.32 84.09 
421.9 26.25 
608.6 46.7 
647.07 56.68 
143.88 13.97 
490.29 33.02 
1102.46 88.25 
764.38 60.79 
229.46 17.29 
419.85 28.11 
246.09 17.37 
49.29 0.46 
1114.4 96.72 
548.88 49.79 
382.89 31.18 
726.2 58.56 
28.63 3.09 
348.07 24.92 
849.58 65.06 
767.85 59.29 
1178.53 95.04 
752.02 56.85 
583.46 49.43 
918.49 80.19 
1085.93 82.56 
870.42 72.66 
1156.59 95.28 
942.77 80.27 
1042.83 86.84 
154.64 5.62 
884.25 67.38 
539.3 45.09 
672.66 61.2 
791.84 54.92 
1164.38 98.76 
1181.8 104.43 
360.11 29.24 
885.83 76.57 
904.98 71.9 
428.86 35.14 
166.17 5.74 
68.32 0.54 
937.26 82.82 
597.85 44.9 
1182.94 96.3 
568.67 40.46 
1173.94 90.78 
505.66 41.27 
956.54 76.06 
120.09 11.9 
675.44 58.55 
966.43 82.14 
1111.15 93.79 
990.65 90.44 
63.63 0.07 
459.79 38.04 
77.46 12.12 
148.95 18.74 
816.86 60.96 
861.64 70.24 
932.99 84.54 
1041.24 89.31 
892.53 75.35 
965.03 79.33 
77.78 4.56 
296.75 26.17 
753.84 61.56 
1032.59 85.84 
25.31 2.5 
627.26 48.88 
819.2 70.93 
54.94 19.15 
493.6 32.25 
1076.85 91.36 
812.5 63.91 
300.44 27.92 
1026.28 85.76 
430.68 39.7 
1026.95 91.46 
372.75 32.02 
716.58 65.38 
488.39 28.98 
344.29 36.64 
1066.14 90.72 
241.36 25.5 
120.08 3.91 
423.47 31.14 
866.81 72.96 
972.77 80.98 
1198.52 101.29 
369.71 36.23 
501.37 32.95 
181.45 19.99 
698.35 58.24 
1197.14 98.74 
847.04 63.23 
722.35 62.71 
483.0 28.18 
1100.05 94.91 
606.36 43.07 
178.55 15.15 
451.15 37.0 
99.26 14.12 
258.34 20.63 
40.85 1.24 
554.87 43.71 
768.76 70.43 
425.09 38.11 
516.05 41.08 
1151.87 94.81 
907.32 67.77 
658.21 56.79 
355.76 20.85 
1078.46 93.63 
297.41 25.43 
403.9 45.59 
1092.7 85.56 
644.86 53.22 
895.94 83.65 
717.08 65.71 
791.06 62.44 
373.27 32.23 
304.82 25.41 
400.54 34.79 
203.42 13.46 
1051.69 87.19 
354.23 21.53 
682.56 57.56 
954.53 81.79 
944.91 77.61 
537.3 36.7 
581.98 53.44 
1193.75 101.3 
816.03 64.37 
981.27 80.37 
1085.01 82.91 
949.36 73.99 
238.51 17.19 
683.36 63.09 
140.24 8.49 
790.45 69.07 
1147.31 92.92 
625.02 53.33 
530.91 43.54 
62.29 9.56 
1152.53 93.37 
141.54 3.93 
68.47 2.28 
310.36 23.2 
97.33 1.87 
557.04 48.47 
628.98 50.09 
388.83 44.28 
80.13 1.97 
151.69 13.66 
473.72 33.84 
91.42 5.15 
843.86 71.03 
264.28 10.4 
376.44 32.55 
485.07 49.94 
511.6 40.37 
21.96 3.13 
152.24 17.81 
1038.06 85.69 
21.46 4.05 
619.64 40.26 
597.61 53.01 
413.05 33.86 
528.97 39.02 
941.09 79.06 
1012.62 81.47 
327.21 24.63 
400.54 36.41 
306.13 18.82 
586.24 54.09 
826.24 61.87 
289.34 20.8 
410.27 43.8 
1117.85 98.79 
77.31 6.93 
563.71 42.27 
859.64 68.99 
197.54 16.83 
75.9 6.51 
183.08 14.8 
1104.21 91.86 
30.93 1.51 
242.22 12.98 
56.91 2.16 
150.54 17.12 
751.78 55.81 
305.13 24.48 
691.67 53.54 
716.43 60.26 
1022.33 83.25 
25.59 9.52 
1026.98 88.11 
750.56 55.99 
212.04 21.03 
932.07 73.8 
1029.48 82.91 
320.03 28.24 
1104.18 89.56 
556.26 50.82 
732.04 57.13 
1181.89 95.4 
446.61 33.94 
979.53 78.8 
395.71 38.47 
963.07 83.4 
728.87 69.29 
275.3 34.28 
508.55 37.23 
394.81 33.25 
112.17 3.47 
55.21 0.71 
428.84 32.59 
42.46 1.89 
215.28 12.68 
875.72 72.25 
855.55 65.21 
891.52 78.5 
394.24 28.26 
1070.22 103.23 
720.72 57.8 
168.71 14.42 
189.59 9.32 
837.85 78.35 
224.07 24.27 
618.61 53.04 
1190.29 92.46 
24.73 3.11 
39.56 2.65 
1191.84 106.63 
709.87 63.2 
169.75 14.62 
1078.82 77.72 
1058.85 83.32 
652.72 57.83 
753.71 68.87 
342.36 34.08 
79.61 2.97 
721.59 61.64 
367.81 35.73 
803.07 58.63 
1006.77 83.86 
41.43 4.82 
722.94 58.74 
292.91 15.15 
1051.19 85.97 
319.32 24.97 
740.71 60.99 
673.18 53.28 
487.48 38.41 
819.59 68.1 
876.41 75.25 
688.99 55.89 
914.94 74.2 
1180.43 98.83 
514.74 33.29 
627.21 54.65 
34.71 2.89 
959.31 80.14 
633.87 57.63 
501.39 32.02 
131.0 1.05 
1069.79 90.52 
486.11 40.47 
825.45 69.64 
196.26 14.04 
1154.63 99.54 
230.56 23.88 
255.46 23.71 
1033.6 84.83 
1096.85 80.87 
270.33 26.37 
574.37 53.97 
885.52 77.02 
1056.47 83.64 
467.28 42.31 
630.08 56.81 
895.23 82.4 
882.74 69.18 
943.89 77.53 
692.52 61.45 
143.45 12.24 
1086.69 84.97 
1041.38 88.85 
961.75 83.04 
137.84 11.93 
261.19 22.86 
897.45 73.49 
47.31 11.33 
1175.49 93.45 
465.03 35.82 
868.79 72.45 
1067.33 93.34 
485.66 32.99 
396.58 26.5 
738.31 51.34 
705.57 58.96 
502.79 36.31 
730.09 58.92 
1123.75 96.95 
571.82 44.44 
252.16 22.17 
465.1 37.26 
485.05 43.78 
174.71 16.93 
212.19 14.22 
827.78 68.14 
420.58 40.27 
1146.78 97.53 
307.44 18.64 
136.73 14.67 
909.14 70.34 
1059.62 95.36 
348.17 34.13 
258.46 22.99 
239.2 20.72 
635.97 51.95 
572.73 51.12 
326.14 25.32 
73.3 7.29 
588.16 53.37 
1152.01 93.19 
789.97 62.75 
604.7 44.42 
150.62 7.23 
317.87 17.35 
367.83 34.3 
922.47 85.92 
1054.52 95.0 
1083.94 82.2 
1181.79 102.11 
1179.19 105.38 
1144.54 93.09 
104.75 9.24 
182.6 5.18 
379.27 32.94 
672.42 50.72 
134.43 12.2 
1018.04 77.03 
747.77 65.03 
659.99 60.12 
215.07 14.01 
318.84 20.89 
209.17 6.65 
1025.28 84.11 
709.39 56.21 
887.45 66.2 
369.32 33.04 
458.08 35.92 
497.73 36.1 
916.82 73.63 
931.38 82.97 
264.04 25.02 
1131.02 93.6 
162.37 16.63 
1077.42 83.98 
138.47 11.7 
332.16 28.42 
1018.84 82.55 
231.8 21.49 
508.01 38.43 
550.83 48.45 
309.41 28.54 
858.09 56.92 
1024.57 91.33 
1052.0 72.43 
420.4 31.95 
646.4 58.99 
313.12 24.51 
308.86 18.41 
210.28 12.05 
1129.22 99.24 
1067.83 79.38 
937.28 83.75 
630.84 52.29 
598.92 43.95 
645.1 50.84 
653.15 49.34 
532.78 48.73 
175.47 18.28 
168.28 5.43 
1143.65 93.29 
588.8 44.75 
1144.78 101.87 
213.02 11.0 
674.21 64.21 
265.11 21.93 
318.76 20.75 
55.46 1.24 
160.36 9.36 
1101.88 85.45 
399.41 33.76 
737.59 55.33 
568.72 36.49 
492.53 39.15 
647.63 44.95 
240.94 16.32 
1186.55 94.33 
985.6 77.78 
895.11 84.6 
573.14 48.04 
200.4 17.93 
1106.39 83.32 
422.84 31.97 
79.13 7.67 
424.04 30.21 
957.46 84.33 
754.8 56.89 
905.99 74.07 
956.49 76.78 
270.11 23.33 
1110.06 89.3 
536.83 43.38 
774.04 63.32 
22.72 0.11 
1192.17 101.77 
351.46 30.48 
