811.19 57.31 
812.81 62.47 
852.68 78.98 
821.74 70.31 
837.41 57.54 
831.31 75.92 
849.78 67.33 
834.44 78.57 
835.03 69.02 
859.45 72.93 
817.51 75.67 
851.54 65.22 
812.59 61.36 
833.88 68.23 
854.32 76.49 
843.26 61.75 
844.26 59.68 
823.17 73.87 
830.93 65.39 
828.33 66.52 
836.07 57.79 
833.11 65.08 
826.34 68.81 
825.27 74.73 
822.54 63.61 
828.25 79.63 
817.5 63.74 
853.61 66.76 
840.11 79.85 
816.69 69.41 
844.69 66.86 
852.38 70.04 
821.88 77.15 
817.53 77.51 
810.43 62.31 
812.36 67.43 
848.11 71.25 
859.36 65.3 
812.24 67.33 
847.4 70.65 
813.59 75.1 
839.61 77.69 
847.8 68.54 
827.96 67.63 
810.55 71.8 
839.76 66.23 
859.56 75.4 
822.88 68.01 
819.47 62.09 
816.2 61.89 
837.76 79.07 
839.82 68.98 
849.61 81.3 
847.65 67.35 
854.63 73.08 
850.29 86.17 
822.36 61.76 
837.79 57.67 
824.87 76.97 
826.49 63.58 
856.6 71.25 
844.09 66.59 
858.73 73.28 
830.85 63.15 
836.87 68.59 
834.36 72.41 
815.36 61.49 
821.84 64.01 
836.38 67.48 
813.37 58.64 
856.57 68.68 
816.19 68.78 
819.9 65.77 
848.27 68.95 
814.85 67.78 
855.01 67.05 
846.29 74.95 
813.43 76.98 
844.59 67.41 
841.58 73.24 
847.87 69.12 
851.41 73.29 
845.92 80.51 
839.31 73.2 
826.12 57.49 
844.86 73.31 
857.85 79.38 
839.38 68.53 
843.22 76.64 
831.86 64.9 
847.81 61.14 
859.88 72.56 
818.02 56.93 
820.12 66.81 
836.97 77.98 
834.07 57.28 
838.58 61.69 
812.45 61.1 
830.21 68.78 
839.15 67.59 
839.26 78.89 
842.87 76.35 
846.01 73.67 
842.08 71.11 
849.51 73.31 
841.24 64.59 
836.88 75.23 
840.31 62.91 
815.06 73.27 
823.66 76.23 
836.37 71.05 
853.65 70.01 
843.95 72.89 
814.52 49.56 
839.61 71.9 
821.09 67.7 
846.7 70.23 
851.37 75.47 
839.67 69.49 
839.57 62.67 
826.93 68.01 
832.31 69.79 
853.21 71.84 
846.17 71.55 
835.99 76.32 
828.41 62.08 
812.52 68.83 
817.15 76.35 
819.65 57.2 
828.67 70.21 
857.21 67.69 
835.26 67.23 
821.74 62.69 
815.29 66.86 
826.92 80.69 
850.79 62.81 
829.17 61.61 
848.63 62.39 
850.14 81.9 
815.54 65.0 
840.43 69.87 
857.95 68.92 
830.11 63.13 
812.55 66.21 
856.17 87.08 
854.18 80.09 
836.11 64.22 
837.61 73.95 
820.59 63.06 
850.97 59.55 
834.93 76.1 
811.69 75.07 
844.15 77.04 
857.52 68.45 
851.46 69.89 
823.86 73.45 
812.67 70.23 
857.02 68.9 
856.85 61.04 
836.62 70.45 
842.12 77.08 
833.13 61.76 
830.99 73.34 
815.97 70.12 
814.84 72.7 
821.64 74.05 
851.83 66.54 
817.29 21.04 
821.33 28.13 
837.43 37.85 
820.76 28.05 
818.16 26.98 
838.17 20.53 
828.4 43.03 
841.31 37.59 
855.61 37.78 
817.55 37.59 
855.67 36.55 
855.12 31.28 
851.45 31.65 
841.56 29.58 
841.01 49.16 
841.96 35.89 
844.52 29.46 
810.82 34.12 
857.9 26.48 
839.28 41.86 
849.07 28.38 
828.86 35.04 
810.62 37.95 
835.49 34.55 
835.36 32.68 
831.85 32.01 
826.99 31.4 
822.49 27.89 
836.38 29.24 
828.76 41.3 
858.5 32.27 
818.65 26.41 
825.98 28.42 
824.7 38.71 
837.17 36.47 
834.96 35.65 
842.19 30.69 
857.5 36.6 
824.26 27.53 
844.64 30.77 
811.25 37.36 
823.12 37.21 
833.19 25.71 
811.55 25.69 
840.88 32.99 
843.92 43.46 
847.34 20.28 
835.83 33.88 
840.2 23.46 
829.8 27.81 
812.06 28.85 
815.0 65.23 
842.75 66.81 
859.78 71.69 
810.79 64.14 
837.88 60.46 
847.55 75.62 
851.34 75.76 
837.26 75.17 
841.0 60.22 
844.84 72.32 
852.95 75.41 
816.11 61.41 
856.31 71.42 
811.3 66.86 
851.81 82.77 
813.84 80.14 
819.73 57.66 
810.19 83.48 
832.26 63.5 
826.72 75.17 
818.3 74.4 
832.55 63.01 
830.12 72.33 
848.38 70.01 
854.66 74.77 
842.63 71.7 
816.22 75.67 
824.77 69.21 
855.67 70.23 
814.44 74.88 
830.34 72.91 
857.13 76.11 
857.53 67.21 
830.56 62.52 
843.37 66.65 
832.84 65.43 
847.67 75.67 
811.58 73.88 
817.21 67.11 
840.71 79.22 
821.63 77.23 
843.3 71.83 
827.56 63.7 
854.33 81.28 
850.96 70.52 
834.64 70.36 
848.64 68.55 
823.56 62.94 
834.71 60.16 
819.87 72.37 
853.04 66.07 
851.15 90.51 
855.11 64.31 
853.87 63.11 
857.98 74.76 
821.42 78.24 
856.59 71.8 
838.56 73.54 
831.12 57.46 
838.02 65.5 
827.13 62.06 
824.43 56.57 
822.07 69.25 
814.12 53.49 
834.83 61.11 
854.39 67.76 
841.51 64.81 
836.05 72.21 
831.43 71.24 
833.22 75.16 
820.46 73.19 
851.15 78.23 
819.92 68.31 
845.83 72.43 
848.0 73.94 
838.74 70.8 
853.15 68.55 
824.55 66.59 
854.08 65.94 
846.47 73.24 
849.94 70.23 
843.23 66.02 
852.32 66.79 
859.65 63.89 
831.01 75.52 
850.7 71.39 
