6.69
7.98
9.71
10.03
10.64
13.19
13.43
16.12
18.18
18.52
18.96
21.3
22.45
23.43
24.08
25.09
25.93
26.88
29.62
29.87
33.19
33.88
34.55
36.37
39.37
40.74
41.33
41.69
42.66
42.97
45.89
46.59
48.64
51.17
52.6
54.69
56.08
56.89
58.89
60.76
61.18
63.4
64.24
68.28
71.12
72.35
73.89
74.29
75.45
76.49
77.35
78.42
84.55
84.96
85.29
86.35
87.12
88.8
89.4
92.37
94.92
95.41
95.81
97.62
97.87
98.51
101.58
101.97
103.4
104.5
109.45
110.3
112.92
116.49
116.92
118.05
119.32
120.43
123.13
123.4
123.99
124.49
124.81
125.38
126.13
126.89
127.13
128.37
128.82
129.77
130.91
132.4
133.28
133.6
133.82
134.73
137.2
142.4
144.47
145.31
149.33
152.95
155.23
158.95
161.12
162.38
164.79
166.41
169.89
170.44
170.85
171.93
172.3
173.39
175.21
178.13
183.33
184.07
184.96
185.79
186.05
186.5
186.85
188.23
189.23
193.44
193.68
194.34
195.26
196.76
197.33
198.07
198.65
200.49
201.07
203.05
205.03
206.31
207.04
207.4
208.41
210.22
224.01
224.75
225.15
225.48
228.85
230.03
230.73
231.77
232.55
233.54
235.14
235.7
237.83
240.28
240.69
241.11
242.12
244.27
245.11
252.65
255.2
255.47
256.93
259.02
259.42
262.31
262.86
263.4
264.94
265.24
266.93
267.53
268.07
269.99
271.17
273.18
274.5
277.76
280.23
281.13
282.83
283.2
285.12
285.49
285.72
286.65
287.48
289.3
289.62
293.09
295.91
300.07
300.42
301.23
301.7
302.25
303.28
303.92
304.48
305.31
306.6
307.07
307.84
308.94
312.09
313.39
317.54
322.01
322.52
322.86
327.27
330.94
337.06
339.3
339.65
341.21
342.48
345.18
345.69
346.16
347.58
347.96
348.37
351.87
355.98
359.13
361.2
361.96
362.74
365.61
370.82
371.02
378.13
378.64
381.36
381.9
382.75
384.42
385.02
388.69
389.11
389.41
394.19
396.75
397.62
398.74
400.49
402.99
403.87
405.53
406.18
406.43
409.22
409.57
409.8
413.13
416.62
417.67
419.03
419.87
420.83
421.43
421.98
422.77
425.53
430.31
432.81
434.77
435.9
436.58
438.22
438.51
444.23
446.19
449.4
449.62
449.97
452.2
452.44
453.74
454.3
455.04
457.02
457.61
458.35
459.92
460.37
462.32
465.21
468.83
470.1
470.66
471.12
471.58
471.83
473.95
475.11
478.44
478.82
483.37
484.39
484.76
